xof 0303txt 0032

template XSkinMeshHeader {
  <3cf169ce-ff7c-44ab-93c0-f78f62d172e2>
  WORD nMaxSkinWeightsPerVertex;
  WORD nMaxSkinWeightsPerFace;
  WORD nBones;
}

template SkinWeights {
  <6f0d123b-bad2-4167-a0d0-80224f25fabb>
  STRING transformNodeName;
  DWORD nWeights;
  array DWORD vertexIndices[nWeights];
  array float weights[nWeights];
  Matrix4x4 matrixOffset;
}

Frame Root {
  FrameTransformMatrix {
     1.000000, 0.000000, 0.000000, 0.000000,
     0.000000, 0.000000, 1.000000, 0.000000,
     0.000000, 1.000000,-0.000000, 0.000000,
     0.000000, 0.000000, 0.000000, 1.000000;;
  }
  Frame Armature {
    FrameTransformMatrix {
      -0.669885, 0.000000, 0.000000, 0.000000,
       0.000000, 0.669885,-0.000001, 0.000000,
      -0.000000,-0.000001,-0.669885, 0.000000,
       0.086870,-0.375300, 0.314780, 1.000000;;
    }
    Frame Armature_Master {
      FrameTransformMatrix {
         1.000000, 0.000000, 0.000000, 0.000000,
         0.000000, 0.000000, 1.000000, 0.000000,
         0.000000,-1.000000, 0.000000, 0.000000,
         0.000000,-0.000000,-0.611198, 1.000000;;
      }
      Frame Armature_Body_Low {
        FrameTransformMatrix {
          -1.000000,-0.000000,-0.000000, 0.000000,
           0.000000, 0.063382,-0.997989, 0.000000,
           0.000000,-0.997989,-0.063382, 0.000000,
           0.000000, 1.000000, 0.000000, 1.000000;;
        }
        Frame Armature_Body_Up1 {
          FrameTransformMatrix {
             1.000000,-0.000000, 0.000001, 0.000000,
             0.000000, 0.985119, 0.171875, 0.000000,
            -0.000001,-0.171875, 0.985119, 0.000000,
             0.000000, 0.616065, 0.000000, 1.000000;;
          }
          Frame Armature_Body_Up2 {
            FrameTransformMatrix {
               1.000000, 0.000000,-0.000000, 0.000000,
              -0.000000, 0.994032,-0.109089, 0.000000,
               0.000000, 0.109089, 0.994032, 0.000000,
               0.000000, 0.986843, 0.000000, 1.000000;;
            }
            Frame Armature_Neck1 {
              FrameTransformMatrix {
                 1.000000, 0.000000,-0.000000, 0.000000,
                -0.000000, 0.992278,-0.124036, 0.000000,
                -0.000000, 0.124036, 0.992278, 0.000000,
                 0.000000, 0.622068, 0.000000, 1.000000;;
              }
              Frame Armature_Neck2 {
                FrameTransformMatrix {
                   1.000000, 0.000000, 0.000000, 0.000000,
                  -0.000000, 0.999635,-0.027017, 0.000000,
                  -0.000000, 0.027017, 0.999635, 0.000000,
                   0.000000, 0.337567, 0.000000, 1.000000;;
                }
                Frame Armature_Neck3 {
                  FrameTransformMatrix {
                     1.000000, 0.000000,-0.000000, 0.000000,
                    -0.000000, 0.997270,-0.073835, 0.000000,
                     0.000000, 0.073835, 0.997270, 0.000000,
                     0.000000, 0.356986,-0.000000, 1.000000;;
                  }
                  Frame Armature_Neck4 {
                    FrameTransformMatrix {
                       1.000000, 0.000000,-0.000000, 0.000000,
                      -0.000000, 0.998154,-0.060737, 0.000000,
                      -0.000000, 0.060737, 0.998154, 0.000000,
                      -0.000000, 0.294551, 0.000000, 1.000000;;
                    }
                    Frame Armature_Teeth_Up {
                      FrameTransformMatrix {
                         1.000000, 0.000000,-0.000000, 0.000000,
                        -0.000000, 0.999607,-0.028018, 0.000000,
                        -0.000000, 0.028018, 0.999607, 0.000000,
                        -0.000000, 0.423964, 0.000000, 1.000000;;
                      }
                      Frame Armature_Teeth_Low {
                        FrameTransformMatrix {
                           1.000000, 0.000000,-0.000000, 0.000000,
                          -0.000000, 0.998634,-0.052252, 0.000000,
                          -0.000000, 0.052252, 0.998634, 0.000000,
                          -0.000000, 0.244239,-0.171935, 1.000000;;
                        }
                      } //End of Armature_Teeth_Low
                    } //End of Armature_Teeth_Up
                  } //End of Armature_Neck4
                } //End of Armature_Neck3
              } //End of Armature_Neck2
            } //End of Armature_Neck1
          } //End of Armature_Body_Up2
          Frame Armature_Shoulder_L {
            FrameTransformMatrix {
              -0.144623,-0.983581, 0.107944, 0.000000,
              -0.989487, 0.143760,-0.015776, 0.000000,
              -0.000002,-0.109091,-0.994032, 0.000000,
               0.000000, 0.986843, 0.000000, 1.000000;;
            }
            Frame Armature_Arm_L {
              FrameTransformMatrix {
                 0.981594,-0.186629, 0.040534, 0.000000,
                 0.189211, 0.921517,-0.339124, 0.000000,
                 0.025938, 0.340551, 0.939868, 0.000000,
                -0.000000, 0.820432, 0.000000, 1.000000;;
              }
              Frame Armature_Elbow_L {
                FrameTransformMatrix {
                   0.843820, 0.530702,-0.079523, 0.000000,
                  -0.527716, 0.847539, 0.056513, 0.000000,
                   0.097390,-0.005721, 0.995230, 0.000000,
                   0.000000, 2.697173, 0.000000, 1.000000;;
                }
                Frame Armature_Wing_L {
                  FrameTransformMatrix {
                     0.639508,-0.757498, 0.131245, 0.000000,
                     0.755098, 0.586833,-0.292327, 0.000000,
                     0.144418, 0.286048, 0.947270, 0.000000,
                    -0.000000, 3.258555, 0.000000, 1.000000;;
                  }
                } //End of Armature_Wing_L
                Frame Armature_Wing_Small1_L {
                  FrameTransformMatrix {
                    -0.189720,-0.861653, 0.470701, 0.000000,
                     0.980630,-0.142516, 0.134365, 0.000000,
                    -0.048693, 0.487076, 0.872001, 0.000000,
                    -0.000000, 3.258555, 0.000000, 1.000000;;
                  }
                  Frame Armature_Wing_Small2_L {
                    FrameTransformMatrix {
                       0.999960, 0.008387, 0.002946, 0.000000,
                      -0.007765, 0.985434,-0.169882, 0.000000,
                      -0.004328, 0.169853, 0.985460, 0.000000,
                       0.000000, 2.060179, 0.000000, 1.000000;;
                    }
                    Frame Armature_Wing_Small3_L {
                      FrameTransformMatrix {
                         0.999817,-0.000223,-0.019113, 0.000000,
                         0.000320, 0.999987, 0.005067, 0.000000,
                         0.019111,-0.005073, 0.999804, 0.000000,
                        -0.000000, 1.740553, 0.000000, 1.000000;;
                      }
                    } //End of Armature_Wing_Small3_L
                  } //End of Armature_Wing_Small2_L
                } //End of Armature_Wing_Small1_L
              } //End of Armature_Elbow_L
            } //End of Armature_Arm_L
          } //End of Armature_Shoulder_L
          Frame Armature_Shoulder_R {
            FrameTransformMatrix {
              -0.144624, 0.983582,-0.107940, 0.000000,
               0.989487, 0.143760,-0.015778, 0.000000,
              -0.000002,-0.109087,-0.994032, 0.000000,
               0.000000, 0.986843, 0.000000, 1.000000;;
            }
            Frame Armature_Arm_R {
              FrameTransformMatrix {
                 0.197951,-0.359587,-0.911873, 0.000000,
                -0.145572, 0.909181,-0.390127, 0.000000,
                 0.969342, 0.209970, 0.127627, 0.000000,
                 0.000000, 0.820432,-0.000000, 1.000000;;
              }
              Frame Armature_Elbow_R {
                FrameTransformMatrix {
                  -0.999254, 0.019379, 0.033416, 0.000000,
                   0.034477, 0.837583, 0.545220, 0.000000,
                  -0.017423, 0.545966,-0.837626, 0.000000,
                   0.000000, 2.697174,-0.000000, 1.000000;;
                }
                Frame Armature_Wing_R {
                  FrameTransformMatrix {
                     0.295784,-0.626369, 0.721230, 0.000000,
                    -0.358141, 0.627227, 0.691608, 0.000000,
                    -0.885577,-0.462869,-0.038805, 0.000000,
                     0.000000, 3.258554, 0.000000, 1.000000;;
                  }
                } //End of Armature_Wing_R
                Frame Armature_Wing_Small1_R {
                  FrameTransformMatrix {
                    -0.260945, 0.934696, 0.241352, 0.000000,
                     0.156762,-0.205667, 0.965985, 0.000000,
                     0.952541, 0.289904,-0.092857, 0.000000,
                     0.000000, 3.258554, 0.000000, 1.000000;;
                  }
                  Frame Armature_Wing_Small2_R {
                    FrameTransformMatrix {
                       0.999885,-0.001633, 0.015061, 0.000000,
                       0.004170, 0.985434,-0.170009, 0.000000,
                      -0.014565, 0.170052, 0.985327, 0.000000,
                      -0.000000, 2.060179,-0.000000, 1.000000;;
                    }
                    Frame Armature_Wing_Small3_R {
                      FrameTransformMatrix {
                         0.999810, 0.000217,-0.019472, 0.000000,
                        -0.000118, 0.999987, 0.005076, 0.000000,
                         0.019473,-0.005073, 0.999798, 0.000000,
                         0.000000, 1.740552,-0.000000, 1.000000;;
                      }
                    } //End of Armature_Wing_Small3_R
                  } //End of Armature_Wing_Small2_R
                } //End of Armature_Wing_Small1_R
              } //End of Armature_Elbow_R
            } //End of Armature_Arm_R
          } //End of Armature_Shoulder_R
        } //End of Armature_Body_Up1
      } //End of Armature_Body_Low
      Frame Armature_Leg_L {
        FrameTransformMatrix {
          -0.979407,-0.047441, 0.196245, 0.000000,
           0.073591, 0.821247, 0.565807, 0.000000,
          -0.188008, 0.568597,-0.800844, 0.000000,
           0.532662, 1.092204, 0.320337, 1.000000;;
        }
        Frame Armature_Knee_L {
          FrameTransformMatrix {
             0.986318,-0.046337, 0.158204, 0.000000,
             0.137629, 0.759714,-0.635526, 0.000000,
            -0.090741, 0.648604, 0.755697, 0.000000,
             0.000000, 1.250639, 0.000000, 1.000000;;
          }
          Frame Armature_Heel_L {
            FrameTransformMatrix {
               0.973861,-0.113649, 0.196669, 0.000000,
              -0.084005, 0.624240, 0.776703, 0.000000,
              -0.211040,-0.772922, 0.598376, 0.000000,
              -0.000000, 0.899189,-0.000000, 1.000000;;
            }
            Frame Armature_Finger4_L {
              FrameTransformMatrix {
                 1.000000,-0.000001,-0.000000, 0.000000,
                -0.000000, 0.225098,-0.974336, 0.000000,
                 0.000001, 0.974336, 0.225098, 0.000000,
                 0.000000, 0.821450, 0.000000, 1.000000;;
              }
            } //End of Armature_Finger4_L
            Frame Armature_Finger2_L {
              FrameTransformMatrix {
                 1.000000,-0.000001, 0.000000, 0.000000,
                 0.000000, 0.468879, 0.883263, 0.000000,
                -0.000001,-0.883263, 0.468879, 0.000000,
                 0.000000, 0.821450, 0.000000, 1.000000;;
              }
            } //End of Armature_Finger2_L
            Frame Armature_Finger3_L {
              FrameTransformMatrix {
                 0.898298, 0.075595, 0.432835, 0.000000,
                -0.414828, 0.470634, 0.778730, 0.000000,
                -0.144839,-0.879084, 0.454129, 0.000000,
                 0.000000, 0.821450, 0.000000, 1.000000;;
              }
            } //End of Armature_Finger3_L
            Frame Armature_Finger1_L {
              FrameTransformMatrix {
                 0.881801,-0.081143,-0.464588, 0.000000,
                 0.454128, 0.411890, 0.790009, 0.000000,
                 0.127256,-0.907614, 0.400054, 0.000000,
                 0.000000, 0.821450, 0.000000, 1.000000;;
              }
            } //End of Armature_Finger1_L
          } //End of Armature_Heel_L
        } //End of Armature_Knee_L
      } //End of Armature_Leg_L
      Frame Armature_Teil1 {
        FrameTransformMatrix {
          -0.998025, 0.047190, 0.041465, 0.000000,
           0.041955, 0.009452, 0.999075, 0.000000,
           0.046755, 0.998841,-0.011413, 0.000000,
           0.000000, 1.000001, 0.490786, 1.000000;;
        }
        Frame Armature_Teil2 {
          FrameTransformMatrix {
             0.998560,-0.033745, 0.041716, 0.000000,
             0.048213, 0.905496,-0.421606, 0.000000,
            -0.023547, 0.423010, 0.905819, 0.000000,
            -0.000000, 2.892664,-0.000000, 1.000000;;
          }
          Frame Armature_Teil3 {
            FrameTransformMatrix {
               0.993888,-0.060320, 0.092457, 0.000000,
               0.107812, 0.710430,-0.695461, 0.000000,
              -0.023734, 0.701178, 0.712591, 0.000000,
               0.000000, 2.565827, 0.000000, 1.000000;;
            }
          } //End of Armature_Teil3
        } //End of Armature_Teil2
      } //End of Armature_Teil1
      Frame Armature_Leg_R {
        FrameTransformMatrix {
          -0.987247,-0.042603,-0.153392, 0.000000,
          -0.134563, 0.738191, 0.661034, 0.000000,
           0.085071, 0.673244,-0.734510, 0.000000,
          -0.532662, 1.092204, 0.320337, 1.000000;;
        }
        Frame Armature_Knee_R {
          FrameTransformMatrix {
             0.977120, 0.199430, 0.073916, 0.000000,
            -0.132700, 0.843236,-0.520907, 0.000000,
            -0.166213, 0.499180, 0.850407, 0.000000,
            -0.000000, 1.250639,-0.000000, 1.000000;;
          }
          Frame Armature_Heel_R {
            FrameTransformMatrix {
               0.916487, 0.027721,-0.399103, 0.000000,
               0.295991, 0.624164, 0.723055, 0.000000,
               0.269149,-0.780802, 0.563833, 0.000000,
              -0.000000, 0.899189, 0.000000, 1.000000;;
            }
            Frame Armature_Finger4_R {
              FrameTransformMatrix {
                 1.000000,-0.000001,-0.000000, 0.000000,
                -0.000000, 0.225098,-0.974336, 0.000000,
                 0.000001, 0.974336, 0.225098, 0.000000,
                 0.000000, 0.821450, 0.000000, 1.000000;;
              }
            } //End of Armature_Finger4_R
            Frame Armature_Finger2_R {
              FrameTransformMatrix {
                 1.000000,-0.000001, 0.000000, 0.000000,
                 0.000000, 0.468879, 0.883263, 0.000000,
                -0.000001,-0.883263, 0.468879, 0.000000,
                 0.000000, 0.821450, 0.000000, 1.000000;;
              }
            } //End of Armature_Finger2_R
            Frame Armature_Finger3_R {
              FrameTransformMatrix {
                 0.898298,-0.348063,-0.268166, 0.000000,
                 0.414828, 0.470634, 0.778730, 0.000000,
                -0.144839,-0.810775, 0.567156, 0.000000,
                 0.000000, 0.821450, 0.000000, 1.000000;;
              }
            } //End of Armature_Finger3_R
            Frame Armature_Finger1_R {
              FrameTransformMatrix {
                 0.881802, 0.334449, 0.332521, 0.000000,
                -0.454128, 0.411890, 0.790009, 0.000000,
                 0.127256,-0.847638, 0.515088, 0.000000,
                 0.000000, 0.821450, 0.000000, 1.000000;;
              }
            } //End of Armature_Finger1_R
          } //End of Armature_Heel_R
        } //End of Armature_Knee_R
      } //End of Armature_Leg_R
    } //End of Armature_Master
    Frame body {
      FrameTransformMatrix {
         0.343930,-0.000000, 0.000000, 0.000000,
        -0.000000,-0.343930, 0.000000, 0.000000,
         0.000000,-0.000000,-0.343930, 0.000000,
         0.000000, 0.000004, 3.463331, 1.000000;;
      }
      Mesh { //Mesh_001 Mesh
        6238;
         2.100780;-5.673200; 6.328800;,
         1.732150;-5.895010; 5.427270;,
         1.210240;-6.799390; 6.623550;,
         1.487820;-0.954990; 5.904950;,
         1.054920;-2.056150; 5.450420;,
         1.738030;-1.964500; 6.346800;,
         0.432190; 1.212180; 5.463810;,
         0.000000; 1.989420; 5.325400;,
         0.000000; 1.246110; 5.199350;,
         0.841860; 1.948850; 5.850780;,
         0.000000; 1.989420; 5.325400;,
         0.432190; 1.212180; 5.463810;,
         1.054920;-2.056150; 5.450420;,
         1.487820;-0.954990; 5.904950;,
         0.747550;-0.964480; 5.274250;,
         2.256510; 1.667050; 7.042310;,
         2.429570; 0.433570; 7.142670;,
         2.072490; 0.272180; 7.561970;,
         1.689540; 1.486610; 7.274730;,
         2.256510; 1.667050; 7.042310;,
         1.689540; 1.486610; 7.274730;,
         1.377520; 2.042750; 6.669080;,
         1.695510; 2.279970; 6.394460;,
         2.169440;-0.255450; 6.494430;,
         2.025160;-0.484520; 6.962380;,
         2.072490; 0.272180; 7.561970;,
         2.429570; 0.433570; 7.142670;,
         2.002210;-0.804130; 5.799790;,
         1.487820;-0.954990; 5.904950;,
         2.025160;-0.484520; 6.962380;,
         2.169440;-0.255450; 6.494430;,
         0.974080;-0.573520; 5.425270;,
         1.487820;-0.954990; 5.904950;,
         2.002210;-0.804130; 5.799790;,
         1.273090;-0.437070; 5.302210;,
         0.974080;-0.573520; 5.425270;,
         1.273090;-0.437070; 5.302210;,
         0.790170; 0.253860; 5.018200;,
         0.469430; 0.229200; 5.028150;,
         0.974080;-0.573520; 5.425270;,
         0.747550;-0.964480; 5.274250;,
         1.487820;-0.954990; 5.904950;,
         0.974080;-0.573520; 5.425270;,
         0.469430; 0.229200; 5.028150;,
         0.747550;-0.964480; 5.274250;,
         1.045760; 1.847500; 5.763460;,
         1.695510; 2.279970; 6.394460;,
         1.377520; 2.042750; 6.669080;,
         0.841860; 1.948850; 5.850780;,
         1.045760; 1.847500; 5.763460;,
         0.841860; 1.948850; 5.850780;,
         0.432190; 1.212180; 5.463810;,
         0.776000; 1.178240; 5.325030;,
         0.432190; 1.212180; 5.463810;,
         0.469430; 0.229200; 5.028150;,
         0.790170; 0.253860; 5.018200;,
         0.776000; 1.178240; 5.325030;,
         2.043100;-2.942550; 6.124700;,
         1.752040;-2.694060; 7.511440;,
         1.455000;-1.957070; 7.496190;,
         1.738030;-1.964500; 6.346800;,
         1.054920;-2.056150; 5.450420;,
         1.134890;-3.147060; 5.150600;,
         2.043100;-2.942550; 6.124700;,
         1.738030;-1.964500; 6.346800;,
         0.000000;-3.216850; 4.900270;,
         1.134890;-3.147060; 5.150600;,
         1.054920;-2.056150; 5.450420;,
        -0.001440;-2.111310; 5.142510;,
         0.000000; 1.246110; 5.199350;,
         0.000000; 0.194140; 4.802320;,
         0.469430; 0.229200; 5.028150;,
         0.432190; 1.212180; 5.463810;,
         0.000000;-0.990650; 4.897760;,
         0.747550;-0.964480; 5.274250;,
         0.469430; 0.229200; 5.028150;,
         0.000000; 0.194140; 4.802320;,
         1.054920;-2.056150; 5.450420;,
         0.747550;-0.964480; 5.274250;,
         0.000000;-0.990650; 4.897760;,
        -0.001440;-2.111310; 5.142510;,
         1.763740;-0.954150; 7.529080;,
         2.072490; 0.272180; 7.561970;,
         2.025160;-0.484520; 6.962380;,
         1.996100;-0.966540; 6.738670;,
         1.487820;-0.954990; 5.904950;,
         1.738030;-1.964500; 6.346800;,
         1.996100;-0.966540; 6.738670;,
         2.025160;-0.484520; 6.962380;,
         1.487820;-0.954990; 5.904950;,
         1.763740;-0.954150; 7.529080;,
         2.025160;-0.484520; 6.962380;,
         1.996100;-0.966540; 6.738670;,
         1.942260;-3.648010; 5.516200;,
         1.671540;-4.265300; 5.164140;,
         2.239430;-4.541570; 6.122660;,
         1.942260;-3.648010; 5.516200;,
         1.355550;-3.706180; 5.043850;,
         1.671540;-4.265300; 5.164140;,
         1.942260;-3.648010; 5.516200;,
         2.239430;-4.541570; 6.122660;,
         2.043100;-2.942550; 6.124700;,
         1.942260;-3.648010; 5.516200;,
         2.043100;-2.942550; 6.124700;,
         1.134890;-3.147060; 5.150600;,
         1.942260;-3.648010; 5.516200;,
         1.134890;-3.147060; 5.150600;,
         1.355550;-3.706180; 5.043850;,
         1.355550;-3.706180; 5.043850;,
         1.134890;-3.147060; 5.150600;,
         0.000000;-3.216850; 4.900270;,
         0.000000;-3.830280; 4.896980;,
         0.497820;-4.409720; 4.710020;,
         0.000000;-3.830280; 4.896980;,
         0.000000;-4.273750; 4.807610;,
         0.517930;-6.051020; 4.894070;,
         1.210240;-6.799390; 6.623550;,
         1.732150;-5.895010; 5.427270;,
         0.517930;-6.051020; 4.894070;,
         0.000000;-5.759790; 4.937700;,
         0.000000;-6.755070; 5.765480;,
         2.331610;-3.466320; 6.614410;,
         2.043100;-2.942550; 6.124700;,
         2.239430;-4.541570; 6.122660;,
         2.331610;-3.466320; 6.614410;,
         2.233890;-3.112850; 7.543860;,
         1.752040;-2.694060; 7.511440;,
         2.043100;-2.942550; 6.124700;,
         1.763740;-0.954150; 7.529080;,
         1.996100;-0.966540; 6.738670;,
         1.738030;-1.964500; 6.346800;,
         1.455000;-1.957070; 7.496190;,
         2.239430;-4.541570; 6.122660;,
         1.671540;-4.265300; 5.164140;,
         1.732150;-5.895010; 5.427270;,
         2.100780;-5.673200; 6.328800;,
         0.517930;-6.051020; 4.894070;,
         1.732150;-5.895010; 5.427270;,
         1.671540;-4.265300; 5.164140;,
         0.497820;-4.409720; 4.710020;,
         0.000000;-4.273750; 4.807610;,
         0.000000;-5.759790; 4.937700;,
         0.517930;-6.051020; 4.894070;,
         0.497820;-4.409720; 4.710020;,
         0.560370;-6.808120; 5.956410;,
         0.517930;-6.051020; 4.894070;,
         0.000000;-6.755070; 5.765480;,
         0.560370;-6.808120; 5.956410;,
         1.210240;-6.799390; 6.623550;,
         0.517930;-6.051020; 4.894070;,
         0.497820;-4.409720; 4.710020;,
         1.671540;-4.265300; 5.164140;,
         1.355550;-3.706180; 5.043850;,
         0.497820;-4.409720; 4.710020;,
         1.355550;-3.706180; 5.043850;,
         0.000000;-3.830280; 4.896980;,
         2.028530;-6.109970; 6.800790;,
         2.100780;-5.673200; 6.328800;,
         1.210240;-6.799390; 6.623550;,
         0.560370;-6.808120; 5.956410;,
         0.395660;-7.641800; 6.035340;,
         0.974500;-7.620250; 6.613930;,
         1.210240;-6.799390; 6.623550;,
         0.974500;-7.620250; 6.613930;,
         0.395660;-7.641800; 6.035340;,
         0.425700;-8.475480; 5.985150;,
         0.907890;-8.441110; 6.549250;,
         0.395660;-7.641800; 6.035340;,
         0.560370;-6.808120; 5.956410;,
         0.000000;-6.755070; 5.765480;,
         0.000000;-7.601560; 5.835040;,
         0.395660;-7.641800; 6.035340;,
         0.000000;-7.601560; 5.835040;,
         0.000000;-8.448060; 5.775500;,
         0.425700;-8.475480; 5.985150;,
         0.837130;-9.323760; 6.363610;,
         0.907890;-8.441110; 6.549250;,
         0.425700;-8.475480; 5.985150;,
         0.412470;-9.309160; 5.911120;,
         0.412470;-9.309160; 5.911120;,
         0.425700;-8.475480; 5.985150;,
         0.000000;-8.448060; 5.775500;,
         0.000000;-9.294550; 5.692100;,
         0.412470;-9.309160; 5.911120;,
         0.000000;-9.294550; 5.692100;,
         0.000000;-10.141040; 5.488090;,
         0.437120;-10.142840; 5.716470;,
         0.419180;-10.443570; 5.683310;,
         0.437120;-10.142840; 5.716470;,
         0.000000;-10.141040; 5.488090;,
         0.000000;-10.409610; 5.476650;,
         0.876250;-10.143880; 6.127020;,
         0.412470;-9.309160; 5.911120;,
         0.437120;-10.142840; 5.716470;,
         0.876250;-10.143880; 6.127020;,
         0.837130;-9.323760; 6.363610;,
         0.412470;-9.309160; 5.911120;,
         0.876250;-10.143880; 6.127020;,
         0.437120;-10.142840; 5.716470;,
         0.419180;-10.443570; 5.683310;,
         0.952640;-2.703780; 8.111180;,
         1.752040;-2.694060; 7.511440;,
         0.988250;-3.856980; 8.478410;,
        -0.000560;-2.731170; 8.412601;,
         0.952640;-2.703780; 8.111180;,
         0.988250;-3.856980; 8.478410;,
         0.000000;-3.810860; 8.755870;,
         0.947450;-1.953360; 8.071270;,
         0.952640;-2.703780; 8.111180;,
        -0.000560;-2.731170; 8.412601;,
        -0.001130;-1.873720; 8.320680;,
         0.952640;-2.703780; 8.111180;,
         0.947450;-1.953360; 8.071270;,
         1.455000;-1.957070; 7.496190;,
         1.752040;-2.694060; 7.511440;,
        -0.000650;-0.914210; 8.425990;,
         0.000000; 0.347670; 8.663361;,
         1.173390; 0.345350; 8.122760;,
         1.067730;-0.925890; 8.110180;,
        -0.000650;-0.914210; 8.425990;,
         1.067730;-0.925890; 8.110180;,
         0.947450;-1.953360; 8.071270;,
        -0.001130;-1.873720; 8.320680;,
         1.752040;-2.694060; 7.511440;,
         2.233890;-3.112850; 7.543860;,
         1.966720;-3.757690; 8.034340;,
         0.947450;-1.953360; 8.071270;,
         1.763740;-0.954150; 7.529080;,
         1.455000;-1.957070; 7.496190;,
         1.357780;-0.863780; 8.422020;,
         1.067730;-0.925890; 8.110180;,
         1.173390; 0.345350; 8.122760;,
         1.717650; 0.456670; 8.651260;,
         1.357780;-0.863780; 8.422020;,
         1.717650; 0.456670; 8.651260;,
         2.072490; 0.272180; 7.561970;,
         1.763740;-0.954150; 7.529080;,
         1.357780;-0.863780; 8.422020;,
         0.947450;-1.953360; 8.071270;,
         1.067730;-0.925890; 8.110180;,
         1.357780;-0.863780; 8.422020;,
         1.763740;-0.954150; 7.529080;,
         0.947450;-1.953360; 8.071270;,
         0.000000; 2.033140; 8.007480;,
         0.976390; 1.960200; 7.793940;,
         0.684770; 2.559920; 8.450590;,
         0.000000; 2.848100; 8.664130;,
         0.684770; 2.559920; 8.450590;,
         0.976390; 1.960200; 7.793940;,
         1.173390; 0.345350; 8.122760;,
         1.477480;-3.654210; 8.256380;,
         1.752040;-2.694060; 7.511440;,
         1.966720;-3.757690; 8.034340;,
         1.477480;-3.654210; 8.256380;,
         0.988250;-3.856980; 8.478410;,
         1.752040;-2.694060; 7.511440;,
         1.443690; 1.939290; 7.534330;,
         1.813590; 2.284300; 8.827870;,
         0.976390; 1.960200; 7.793940;,
         1.443690; 1.939290; 7.534330;,
         1.689540; 1.486610; 7.274730;,
         1.813590; 2.284300; 8.827870;,
         2.054010;-5.676810; 8.053500;,
         1.998330;-6.211510; 7.563260;,
         1.478160;-6.655040; 7.594390;,
         0.984900;-4.683410; 8.486530;,
         0.000000;-3.810860; 8.755870;,
         0.988250;-3.856980; 8.478410;,
         0.984900;-4.683410; 8.486530;,
         1.130340;-5.509850; 8.494650;,
         0.000000;-5.184980; 8.913530;,
         0.000000;-5.184980; 8.913530;,
         0.000000;-3.810860; 8.755870;,
         0.984900;-4.683410; 8.486530;,
         1.592180;-5.593330; 8.551970;,
         1.130340;-5.509850; 8.494650;,
         0.984900;-4.683410; 8.486530;,
         1.581110;-4.717020; 8.813180;,
         1.592180;-5.593330; 8.551970;,
         1.581110;-4.717020; 8.813180;,
         2.028530;-4.750620; 8.299530;,
         2.054010;-5.676810; 8.053500;,
         1.592180;-5.593330; 8.551970;,
         1.478160;-6.655040; 7.594390;,
         1.130340;-5.509850; 8.494650;,
         1.592180;-5.593330; 8.551970;,
         2.054010;-5.676810; 8.053500;,
         1.478160;-6.655040; 7.594390;,
         1.581110;-4.717020; 8.813180;,
         0.984900;-4.683410; 8.486530;,
         0.988250;-3.856980; 8.478410;,
         1.551880;-3.347640; 9.092520;,
         1.581110;-4.717020; 8.813180;,
         1.551880;-3.347640; 9.092520;,
         1.966720;-3.757690; 8.034340;,
         2.028530;-4.750620; 8.299530;,
         1.477480;-3.654210; 8.256380;,
         1.551880;-3.347640; 9.092520;,
         0.988250;-3.856980; 8.478410;,
         1.477480;-3.654210; 8.256380;,
         1.966720;-3.757690; 8.034340;,
         1.551880;-3.347640; 9.092520;,
         1.998330;-6.211510; 7.563260;,
         1.210240;-6.799390; 6.623550;,
         1.478160;-6.655040; 7.594390;,
         2.028530;-6.109970; 6.800790;,
         1.210240;-6.799390; 6.623550;,
         1.998330;-6.211510; 7.563260;,
         1.197080;-7.523960; 7.370670;,
         1.478160;-6.655040; 7.594390;,
         1.210240;-6.799390; 6.623550;,
         0.974500;-7.620250; 6.613930;,
         1.197080;-7.523960; 7.370670;,
         0.974500;-7.620250; 6.613930;,
         0.907890;-8.441110; 6.549250;,
         1.084890;-8.392890; 7.146950;,
         1.197080;-7.523960; 7.370670;,
         1.084890;-8.392890; 7.146950;,
         0.776900;-8.365960; 7.711480;,
         0.872430;-7.433900; 7.994740;,
         1.197080;-7.523960; 7.370670;,
         0.872430;-7.433900; 7.994740;,
         1.057780;-6.501840; 8.278010;,
         1.478160;-6.655040; 7.594390;,
         0.872430;-7.433900; 7.994740;,
         0.776900;-8.365960; 7.711480;,
         0.000000;-8.335530; 7.966720;,
         0.000000;-7.367260; 8.294510;,
         0.872430;-7.433900; 7.994740;,
         0.000000;-7.367260; 8.294510;,
         0.000000;-6.398980; 8.676080;,
         1.057780;-6.501840; 8.278010;,
         0.948420;-9.336930; 6.923240;,
         1.084890;-8.392890; 7.146950;,
         0.907890;-8.441110; 6.549250;,
         0.837130;-9.323760; 6.363610;,
         0.948420;-9.336930; 6.923240;,
         1.033090;-10.130740; 6.699520;,
         0.671990;-10.230081; 7.144950;,
         0.672620;-9.298020; 7.428210;,
         0.948420;-9.336930; 6.923240;,
         0.672620;-9.298020; 7.428210;,
         0.776900;-8.365960; 7.711480;,
         1.084890;-8.392890; 7.146950;,
         0.672620;-9.298020; 7.428210;,
         0.671990;-10.230081; 7.144950;,
         0.000000;-9.743361; 7.560080;,
         0.000000;-9.303810; 7.680200;,
         0.672620;-9.298020; 7.428210;,
         0.000000;-9.303810; 7.680200;,
         0.000000;-8.335530; 7.966720;,
         0.776900;-8.365960; 7.711480;,
         0.876250;-10.143880; 6.127020;,
         1.033090;-10.130740; 6.699520;,
         0.837130;-9.323760; 6.363610;,
         1.033090;-10.130740; 6.699520;,
         0.948420;-9.336930; 6.923240;,
         0.837130;-9.323760; 6.363610;,
         1.057780;-6.501840; 8.278010;,
         0.000000;-6.398980; 8.676080;,
         0.000000;-5.078320; 9.315750;,
         0.693970;-5.305570; 8.934771;,
         0.000000;-5.184980; 8.913530;,
         1.130340;-5.509850; 8.494650;,
         0.693970;-5.305570; 8.934771;,
         0.000000;-5.078320; 9.315750;,
         1.130340;-5.509850; 8.494650;,
         1.057780;-6.501840; 8.278010;,
         0.693970;-5.305570; 8.934771;,
         1.130340;-5.509850; 8.494650;,
         1.478160;-6.655040; 7.594390;,
         1.057780;-6.501840; 8.278010;,
         0.897920; 6.407950; 6.235530;,
         0.698330;10.287040; 5.440690;,
         0.955720;10.309650; 4.859270;,
         1.211710; 6.159070; 5.616150;,
         1.065020; 3.137240; 7.365080;,
         0.897920; 6.407950; 6.235530;,
         1.211710; 6.159070; 5.616150;,
         1.359570; 3.081710; 6.431170;,
         1.065020; 3.137240; 7.365080;,
         1.359570; 3.081710; 6.431170;,
         1.377520; 2.042750; 6.669080;,
         0.976390; 1.960200; 7.793940;,
         1.065020; 3.137240; 7.365080;,
         0.976390; 1.960200; 7.793940;,
         0.000000; 2.033140; 8.007480;,
         0.000000; 3.231790; 7.667440;,
         1.065020; 3.137240; 7.365080;,
         0.000000; 3.231790; 7.667440;,
         0.000000; 6.516150; 6.578320;,
         0.897920; 6.407950; 6.235530;,
         1.443690; 1.939290; 7.534330;,
         1.377520; 2.042750; 6.669080;,
         1.689540; 1.486610; 7.274730;,
         1.443690; 1.939290; 7.534330;,
         0.976390; 1.960200; 7.793940;,
         1.377520; 2.042750; 6.669080;,
         0.897920; 6.407950; 6.235530;,
         0.000000; 6.516150; 6.578320;,
         0.000000;10.882940; 6.025320;,
         0.479430;10.499050; 5.806570;,
         0.000000;10.556890; 5.705970;,
         0.698330;10.287040; 5.440690;,
         0.479430;10.499050; 5.806570;,
         0.000000;10.882940; 6.025320;,
         0.698330;10.287040; 5.440690;,
         0.897920; 6.407950; 6.235530;,
         0.479430;10.499050; 5.806570;,
         0.698330;10.287040; 5.440690;,
         0.000000;10.556890; 5.705970;,
         0.000000;14.221770; 5.057090;,
         0.582080;14.174300; 4.792040;,
         0.698330;10.287040; 5.440690;,
         0.582080;14.174300; 4.792040;,
         0.775090;14.032620; 4.280340;,
         0.955720;10.309650; 4.859270;,
         0.582080;14.174300; 4.792040;,
         0.408820;17.672020; 4.241250;,
         0.511510;17.649540; 3.826810;,
         0.775090;14.032620; 4.280340;,
         0.582080;14.174300; 4.792040;,
         0.000000;14.221770; 5.057090;,
         0.000000;18.170700; 4.659020;,
         0.292640;17.832411; 4.483600;,
         0.408820;17.672020; 4.241250;,
         0.582080;14.174300; 4.792040;,
         0.292640;17.832411; 4.483600;,
         0.000000;17.896250; 4.428070;,
         0.408820;17.672020; 4.241250;,
         0.292640;17.832411; 4.483600;,
         0.000000;18.170700; 4.659020;,
         0.408820;17.672020; 4.241250;,
         0.000000;17.896250; 4.428070;,
         0.000000;21.194880; 3.962770;,
         0.264570;21.194241; 3.784680;,
         0.408820;17.672020; 4.241250;,
         0.264570;21.194241; 3.784680;,
         0.331820;21.170500; 3.569610;,
         0.511510;17.649540; 3.826810;,
         0.264570;21.194241; 3.784680;,
         0.000000;25.797781; 3.446810;,
         0.331820;21.170500; 3.569610;,
         0.264570;21.194241; 3.784680;,
         0.000000;21.194880; 3.962770;,
         0.000000;25.797781; 3.446810;,
         0.310550;17.583590; 3.502790;,
         0.511510;17.649540; 3.826810;,
         0.331820;21.170500; 3.569610;,
         0.220700;21.131811; 3.286330;,
         0.310550;17.583590; 3.502790;,
         0.220700;21.131811; 3.286330;,
         0.000000;21.146990; 3.261180;,
         0.000000;17.586710; 3.434550;,
         0.220700;21.131811; 3.286330;,
         0.000000;25.797781; 3.446810;,
         0.000000;21.146990; 3.261180;,
         0.220700;21.131811; 3.286330;,
         0.331820;21.170500; 3.569610;,
         0.000000;25.797781; 3.446810;,
         0.616490; 6.044600; 5.103150;,
         1.211710; 6.159070; 5.616150;,
         0.955720;10.309650; 4.859270;,
         0.491180;10.192620; 4.464460;,
         0.616490; 6.044600; 5.103150;,
         0.491180;10.192620; 4.464460;,
         0.000000;10.146280; 4.401320;,
         0.000000; 6.070820; 4.916820;,
         1.359570; 3.081710; 6.431170;,
         1.211710; 6.159070; 5.616150;,
         0.616490; 6.044600; 5.103150;,
         0.793550; 3.048230; 5.927960;,
         1.359570; 3.081710; 6.431170;,
         0.793550; 3.048230; 5.927960;,
         0.841860; 1.948850; 5.850780;,
         1.377520; 2.042750; 6.669080;,
         0.793550; 3.048230; 5.927960;,
         0.616490; 6.044600; 5.103150;,
         0.000000; 6.070820; 4.916820;,
         0.000000; 3.093550; 5.474690;,
         0.793550; 3.048230; 5.927960;,
         0.000000; 3.093550; 5.474690;,
         0.000000; 1.989420; 5.325400;,
         0.841860; 1.948850; 5.850780;,
         0.491180;10.192620; 4.464460;,
         0.955720;10.309650; 4.859270;,
         0.775090;14.032620; 4.280340;,
         0.400860;13.948501; 3.944060;,
         0.491180;10.192620; 4.464460;,
         0.400860;13.948501; 3.944060;,
         0.000000;13.924320; 3.865030;,
         0.000000;10.146280; 4.401320;,
         0.400860;13.948501; 3.944060;,
         0.775090;14.032620; 4.280340;,
         0.511510;17.649540; 3.826810;,
         0.310550;17.583590; 3.502790;,
         0.400860;13.948501; 3.944060;,
         0.310550;17.583590; 3.502790;,
         0.000000;17.586710; 3.434550;,
         0.000000;13.924320; 3.865030;,
         1.161460;-10.500560; 7.166770;,
         1.092080;-11.765901; 7.005400;,
         1.165780;-10.851080; 7.503230;,
         0.613970;-11.822320; 7.291510;,
         0.000000;-12.464641; 6.898100;,
         0.000000;-11.930600; 7.441600;,
         0.477350;-10.777950; 7.751050;,
         0.889090;-10.908830; 7.759450;,
         0.613970;-11.822320; 7.291510;,
         0.721170;-10.254500; 7.240880;,
         0.531350;-10.351700; 7.459900;,
         0.444110;-10.367661; 7.410920;,
         0.671990;-10.230081; 7.144950;,
         1.112050;-10.466371; 7.249100;,
         0.721170;-10.254500; 7.240880;,
         0.671990;-10.230081; 7.144950;,
         1.161460;-10.500560; 7.166770;,
         1.116810;-10.766191; 7.536650;,
         1.112050;-10.466371; 7.249100;,
         1.161460;-10.500560; 7.166770;,
         1.165780;-10.851080; 7.503230;,
         0.902060;-10.815250; 7.733810;,
         1.116810;-10.766191; 7.536650;,
         1.165780;-10.851080; 7.503230;,
         0.889090;-10.908830; 7.759450;,
         0.556630;-10.697460; 7.744040;,
         0.902060;-10.815250; 7.733810;,
         0.889090;-10.908830; 7.759450;,
         0.477350;-10.777950; 7.751050;,
         0.531350;-10.351700; 7.459900;,
         0.556630;-10.697460; 7.744040;,
         0.477350;-10.777950; 7.751050;,
         0.444110;-10.367661; 7.410920;,
         1.092080;-11.765901; 7.005400;,
         0.613970;-11.822320; 7.291510;,
         0.889090;-10.908830; 7.759450;,
         1.165780;-10.851080; 7.503230;,
         0.000000;-10.913470; 8.048770;,
         0.477350;-10.777950; 7.751050;,
         0.613970;-11.822320; 7.291510;,
         0.000000;-11.930600; 7.441600;,
         0.000000;-12.835111; 6.555420;,
         0.000000;-12.464641; 6.898100;,
         0.510760;-12.711540; 6.604090;,
         0.000000;-12.878110; 6.347930;,
         0.000000;-12.835111; 6.555420;,
         0.510760;-12.711540; 6.604090;,
         0.000000;-12.878110; 6.347930;,
         0.510760;-12.711540; 6.604090;,
         0.457900;-12.741830; 6.340830;,
         0.699410;-12.359591; 6.825830;,
         0.613970;-11.822320; 7.291510;,
         1.092080;-11.765901; 7.005400;,
         0.699410;-12.359591; 6.825830;,
         0.510760;-12.711540; 6.604090;,
         0.000000;-12.464641; 6.898100;,
         0.699410;-12.359591; 6.825830;,
         0.000000;-12.464641; 6.898100;,
         0.613970;-11.822320; 7.291510;,
         0.598310;-12.555660; 6.317170;,
         0.780830;-12.229650; 6.254550;,
         0.941170;-12.237491; 6.123980;,
         0.872220;-12.359210; 6.613710;,
         0.510760;-12.711540; 6.604090;,
         0.699410;-12.359591; 6.825830;,
         1.092080;-11.765901; 7.005400;,
         0.872220;-12.359210; 6.613710;,
         0.699410;-12.359591; 6.825830;,
         0.989290;-11.907741; 6.624350;,
         1.136030;-11.422960; 6.537920;,
         0.902660;-11.999520; 6.463290;,
         0.989290;-11.907741; 6.624350;,
         1.092080;-11.765901; 7.005400;,
         1.136030;-11.422960; 6.537920;,
         0.989290;-11.907741; 6.624350;,
         0.872220;-12.359210; 6.613710;,
         1.092080;-11.765901; 7.005400;,
         0.598310;-12.555660; 6.317170;,
         0.941170;-12.237491; 6.123980;,
         0.518700;-13.130850; 6.043370;,
         0.598310;-12.555660; 6.317170;,
         0.518700;-13.130850; 6.043370;,
         0.457900;-12.741830; 6.340830;,
         0.518700;-13.130850; 6.043370;,
         0.508640;-13.928550; 5.469900;,
         0.000000;-14.186290; 5.374940;,
         0.000000;-13.381830; 6.012490;,
         0.518700;-13.130850; 6.043370;,
         0.000000;-13.381830; 6.012490;,
         0.000000;-12.878110; 6.347930;,
         0.457900;-12.741830; 6.340830;,
         0.796200;-13.050611; 5.528200;,
         0.894070;-12.077840; 5.425690;,
         0.700760;-12.970380; 5.191420;,
         0.796200;-13.050611; 5.528200;,
